000020
000116
000168
000216
000302
000325
000376
000420
000443
000492
000538
000590
000023
000118
000169
000217
000303
000326
000377
000421
000444
000493
000539
000591
000042
000120
000170
000218
000304
000327
000378
000422
000445
000494
000540
000592
000044
000121
000171
000219
000305
000328
000379
000423
000446
000495
000541
000593
000045
000122
000172
000220
000306
000329
000380
000424
000447
000496
000542
000594
000046
000123
000173
000247
000307
000330
000381
000425
000448
000497
000543
000595
000047
000124
000174
000248
000308
000331
000382
000426
000449
000498
000544
000596
000065
000125
000175
000249
000309
000332
000383
000427
000450
000499
000545
000597
000067
000126
000176
000250
000310
000333
000385
000428
000477
000500
000546
000598
000069
000127
000177
000251
000311
000334
000387
000429
000478
000501
000547
000599
000071
000128
000178
000252
000312
000335
000389
000430
000479
000502
000548
000600
000073
000129
000179
000253
000313
000336
000392
000431
000480
000503
000549
000601
000076
000130
000180
000254
000314
000337
000394
000432
000481
000504
000550
000602
000078
000131
000181
000255
000315
000338
000396
000433
000482
000505
000551
000603
000079
000159
000182
000257
000316
000339
000397
000434
000483
000506
000552
000604
000080
000160
000183
000259
000317
000340
000398
000435
000484
000507
000553
000081
000161
000184
000261
000318
000369
000399
000436
000485
000508
000554
000082
000162
000185
000263
000319
000370
000400
000437
000486
000509
000581
000083
000163
000186
000266
000320
000371
000401
000438
000487
000510
000583
000084
000164
000187
000269
000321
000372
000402
000439
000488
000534
000585
000111
000165
000213
000274
000322
000373
000403
000440
000489
000535
000587
000112
000166
000214
000280
000323
000374
000404
000441
000490
000536
000588
000114
000167
000215
000282
000324
000375
000419
000442
000491
000537
000589